LIKAI:
0.691     0.723  -0.00738    -89.3937623392
-0.723     0.691 -0.000428   -22.0055153293
0.00479   0.00563       1    15.30985347419
 0.00      0.00      0.0       1.00

平移矢量：
-89.3937623392
-22.0055153293
15.30985347419

旋转矢量[rad]：
0.0033845705303197
-0.006800926362066
-0.807647178738720

axis:
0.00419046930254 -0.008420292292277, -0.9999557342577
angle:
46.30030[deg]



BISHENG：
0.686151 0.727199 -0.0194319 -76.4438
-0.727447 0.685744 -0.0240032 -29.2627
-0.00412976 0.0306055 0.999523 19.5912
0 0 0 1

平移矢量：
-76.4438
-29.2627
19.5912

旋转矢量：
[0.0375123 -0.0105115 -0.999241 ]*46.7086/180.0*3.1415926

axis:
0.0375123 -0.0105115 -0.999241
angle:
46.7086[deg]