-263.54800200924535   91.56300406500243   367.317990457042   180.0   -0.0   44.99999889302411
-207.64400385767613   155.59500637764302   385.74997996271543   -179.99999930386622   14.999997388807817   45.00000032297535
-135.03599592242495   194.79500240487107   385.7499624727378   179.99999121058457   29.999993580025443   44.999994662995356
-77.72399493615981   325.99498978505324   284.1499995706857   -179.99999893091103   45.00000023192524   45.000002081496156
-356.1240041156711   -8.404998568621128   356.9500056098592   -179.99999968023735   -14.999995409266583   45.00000001010078
-413.723999355894   -65.717006419247   356.94999161336136   179.9999965643005   -30.000001321255972   45.0000033883387
-281.98001324484034   21.963015038524535   409.71785196247487   -175.4341946974644   -9.164407448874671   44.35278996168433
-118.84402739600833   169.70699667471393   385.75021384194696   -172.02295749921214   22.245935302823312   47.55619046324379
-196.6359771699837   246.18700111357492   353.74960790900263   172.05471036014666   23.696744751538844   41.329815223371305
-193.42814127920434   334.84157855566593   321.7379775802958   164.48017407508218   30.27697034752673   39.30092978230335
-356.1239249876028   -8.40495529790326   411.0459447418674   -178.11481985999652   -14.883798890869135   37.697737451560556
-238.66806872360513   -2.549041220889052   418.7740749602434   -167.1951133493279   -7.5090883504877874   54.29628368576836
-242.71601588587546   91.56301693733322   428.85385221235794   -178.97235029768615   4.168713292220824   57.415395649757194
-242.71601588587524   91.5630169373329   502.19785221236066   178.86496016762413   4.140808934861005   28.210557947363906
-200.25197830138094   282.82700070843066   385.74960880709045   174.3990329657651   20.672491985023118   42.84633013652083
-170.49686598555607   258.6350918117228   408.23600297922394   164.16933512243926   20.871861773369936   19.995803952062378
-45.69686598556063   258.6350918117227   408.2360029792238   170.29339645642693   34.84477323728501   22.887771694850983
-225.82006549764665   -46.51699953042941   419.92607888324017   -163.7954186567307   -7.669984898189227   52.95509490338893
-237.98006549764563   26.443000469571142   417.2380788832405   -163.7954186567307   -7.669984898188976   52.955094903388954
-56.12403825153497   169.70701098492395   446.6779756214494   -168.62303034912156   25.028175044244048   48.920095961815456
-81.88403825153456   169.70701098492145   298.38997562145653   -161.34944722054794   30.325722655271097   52.305749403852204
-165.00854568978974   285.1829469961734   333.3326281256683   173.6999502084132   29.927716264225296   42.831066679402625
-348.35666531463767   139.39813113997465   375.48882499032993   165.91157729843357   -1.486352544680156   39.97422344403628
-309.5383419238094   26.972060529949143   407.5158976406286   175.12903224454982   -2.6800764488500253   48.79299639130506
-325.2183419238079   61.244060529948364   451.19589764062675   175.61089618315623   -2.25836662322293   48.77223612578236
-277.1383202806838   85.92512000657604   385.15028246844713   179.17203194112423   -0.4392882595457645   45.786709793693966
-229.61361011059344   138.4484664114551   447.74839870028353   178.64718809268217   10.95973545648843   45.670904529148196
-190.1192794073588   169.35162403258641   418.85508495968077   177.00314286291598   19.419024056445437   45.76459889635372
-182.4428709432217   213.3856735392758   385.2688970088003   174.57784157577012   25.069059934563573   48.01619831370516
-343.7437627878805   36.72154120160317   433.18614323029954   175.44411036150944   -11.541299763520234   44.48831579627607
-398.49894254925806   -33.1340947631166   442.7494466733563   178.27552385881086   -25.114961526015502   44.24559301167216
-334.9755395326277   -2.6200933430934015   432.77485500339884   -178.31012977032032   -16.217190174900413   44.19428440990279
-246.6556656420201   117.16782824792188   467.5997203239152   -169.8407533124262   -3.0424878898579055   43.38055139410097
-357.763214390115   259.0832571764987   364.57804083669686   157.8834172461551   4.8462798277138885   44.15551763722614
-304.5010176292851   295.006037100676   349.9416889488423   158.07377509884844   13.84496323893933   41.98557171111194
-364.62770803075557   34.08792712429279   402.098537635644   175.80131690793382   -14.122354130052031   39.30770419975696
-307.1306023716716   6.806103330942401   417.9868080793373   -176.66395355796064   -11.788035011022574   45.70207242511039
-311.80611861391685   52.49575390404084   423.8042538949759   -179.98279101202206   -4.162488798631858   51.437815077352944
-272.84817229790536   77.96226160525926   473.09787301193455   179.79522251837815   0.9858557126203601   37.08473459025284
-224.8884355353175   252.7478213397283   399.52931660182406   171.0464083238243   14.878866431744253   41.55764310369986
-365.51243553530685   252.7478213397277   421.52931660182315   152.7553834303409   4.025814093498247   24.501744060389
-155.24444728582182   292.8683673555418   426.4416165578431   158.89607300181672   24.740163037613737   21.0305070637975
-277.32495038813084   228.9763014493252   425.6999316189228   159.17858646698784   13.3147048159401   28.500011017822338
-357.8556971301983   128.71129378404433   503.75738501832905   170.17970044050776   0.2231477269133895   74.0134104596298
-171.97381886452914   193.33043555155112   489.6958825563869   -179.729696146574   15.858770944416108   57.3149393905371
-136.45550144328405   191.6958594122935   410.5240701291157   -172.04611503609382   22.81732893176319   53.81193089646161
-160.64178070832008   249.165149448405   366.35633955229514   178.9639226591514   26.986071188490612   47.472314758544414
-404.65646084116423   217.5083165858851   373.1487337868886   154.3946834779275   -2.2580477061329445   40.19746402945867
-373.0429350139111   110.24653822518746   400.75504035525915   164.38172795501384   -4.556243524510157   44.781933169232666
-481.96549259126135   176.41030288521154   381.16982995307956   153.37244309454326   -14.742179150168067   39.15969114323325
-465.12442322961334   89.15825387582355   408.0092573430453   161.2241203861089   -20.580231586810736   41.90681026184448
-450.34941979513604   43.78286687820736   427.05142154647535   169.18356748636157   -20.11457381400412   42.78567334907993
-450.34941979513655   43.78286687820845   456.97142154647315   173.29767257317343   -21.771485202293153   31.310506804147543
-421.5605350865904   184.97611935122737   421.0589613132104   158.53903959769434   -2.160309544275727   53.75947340466587
-366.56166977148433   251.00882908977388   384.19807840276536   157.60437524477422   6.346379671920198   47.55165815670464
-379.84406491243055   111.65293774155865   484.9569477462077   170.1869145386946   -4.412811583345373   45.079903565871156
-343.84990882687345   45.75613499304691   453.0433280469788   176.7964014733731   -9.675792430184119   45.459492704798414
-41.36405121323878   134.53419127032447   430.70470128239515   -156.2696737792577   15.916086434983765   56.130145838335416
-129.84779435557286   90.94988526916084   479.4561785115271   -167.45287847753994   8.746629355988562   47.151120543944494
-10.438445961032691   140.77108491239812   324.8115943022714   -162.17097075832115   25.568838200995   44.85804101647253
-152.99318768990116   225.02203040797414   427.0606012778004   170.44961223225042   21.922006981083122   30.647723058286246
-156.19017647951136   282.841728302597   427.55807700716315   173.59586795437707   30.223150205294587   50.72571181820174
-241.98496812082288   365.1429631211733   385.46892900364884   161.3697209619679   19.085113476308766   34.12782217937192
-357.8556404029771   77.67129977077074   536.6693662547094   170.17968700728022   0.22314170644385511   74.01340780872923
-271.7634545398357   155.36387839703454   521.2225157252954   174.06987331816273   8.590196899549126   65.12331533632205
-172.06138993211644   190.56202640916032   444.0886447099399   -176.19293384996462   19.63896836581823   56.0687824430025
-170.82474079183788   223.04832720547157   402.4538348952362   -178.9723443282157   23.520653174220904   51.67849315925903
-270.61890654008926   237.78709330744869   405.02851944846856   165.99888945693365   15.013067695553778   43.68607757617647
-352.4554933364946   147.06575171954978   401.800616459021   163.45261121210666   0.1435319053553098   44.21261587890905
-504.49341469361036   176.41028574286983   381.1701365784911   153.3724903060122   -14.742132627466141   39.15967920459783