-0.35320808916115815    0.5527921128940035    0.2577951987476119    2.208993901925181    -1.986413406588591    0.8905825632805806
-0.21299593432284172    0.5499941160566604    0.2994033801225275    1.9168195289952144    -2.0104428511217556    0.4241002237154959
-0.21023422303051603    0.5556260948231941    0.29942523765161866    1.3158887064200846    -2.4288471319011693    0.31382444814162713
-0.2934438573896419    0.4420047219263755    0.2994168549861174    -2.118795914319329    2.2502592290085017    -0.30528227407234054
-0.0734428026521255    0.48039520497573673    0.24136746598481232    1.8325581558917503    -1.9099135498154551    -0.15319575754366266
-0.18895520199551125    0.3167030438878286    0.20759150187237435    -2.1273672566723363    1.968897475407612    0.5073108715660564
-0.31294893579356586    0.3326669499108083    0.20759513953701927    -2.0006707032556768    1.6775809389387228    -0.035593678429570376
-0.27091388955764983    0.5455964671772173    0.362231184189691    1.488444706923139    -2.498129076535503    0.446180861766458
-0.37310455301407536    0.48371194083112085    0.2736094178209341    -2.0720363028528035    -2.187952124036353    -0.7276870853247999
-0.2444020006576881    0.2350107138623779    0.14514303532939535    -1.7812035016874068    1.775503341383077    0.6472275153377924
-0.2820126892657803    0.4586206476348056    0.273932659995699    -2.2545976738801237    2.1357948391476382    -0.3650554259994521
-0.14259605790219454    0.5084965427805395    0.27389601332547153    1.5352585959094085    -2.154598837469131    0.08593443134388519
-0.3129448870525261    0.6277496203874703    0.28268742656916884    2.8278747112561726    -0.07058048389849914    0.6264697770890637
-0.207781453887072    0.6141812003311087    0.2751904343856386    1.6526067958963098    -1.885994371458788    0.5464051877796111
-0.2206184786322448    0.45774659594714306    0.3308265170556077    -0.0796007818403436    -2.7773727905158365    -0.19558942113287145
-0.24660556286269864    0.46950177002819743    0.2659797260389477    2.0925787338290958    -2.2159355316644453    0.23222691314592936
-0.3143101117798917    0.31277156665174394    0.21749283643975664    -2.0683978654334916    1.5501151891757587    -0.03192533048356181
-0.1314145879874191    0.3422157127491918    0.15966250274807695    -2.1616831113708943    2.1058696101716436    0.8132112969306218
